>> f = @(n) (1+1./ n) .^ n
f =

@(n) (1 + 1 ./ n) .^ n

>> k = [0:1:9]
k =

   0   1   2   3   4   5   6   7   8   9

>> k = [0:1:9]'
k =

   0
   1
   2
   3
   4
   5
   6
   7
   8
   9

>> format long
>> n = 10 .^ k
n =

            1
           10
          100
         1000
        10000
       100000
      1000000
     10000000
    100000000
   1000000000

>> f(n)
ans =

   2.000000000000000
   2.593742460100002
   2.704813829421528
   2.716923932235594
   2.718145926824926
   2.718268237192297
   2.718280469095753
   2.718281694132082
   2.718281798347358
   2.718282052011560

>> format
>> n = [2:1:11]'
n =

    2
    3
    4
    5
    6
    7
    8
    9
   10
   11

>> a = 1./ (n .* (n+2))
a =

   1.2500e-01
   6.6667e-02
   4.1667e-02
   2.8571e-02
   2.0833e-02
   1.5873e-02
   1.2500e-02
   1.0101e-02
   8.3333e-03
   6.9930e-03

>> format long
>> a = 1./ (n .* (n+2))
a =

   1.250000000000000e-01
   6.666666666666667e-02
   4.166666666666666e-02
   2.857142857142857e-02
   2.083333333333333e-02
   1.587301587301587e-02
   1.250000000000000e-02
   1.010101010101010e-02
   8.333333333333333e-03
   6.993006993006993e-03

>> format
>> for i = 1:10
s(i) = sum(a(1:i));
end
>> s'
ans =

   0.1250
   0.1917
   0.2333
   0.2619
   0.2827
   0.2986
   0.3111
   0.3212
   0.3295
   0.3365

>> plot (n,a,'o',n,s,'+')
>> grid on
>> legend ('terms', 'partial sums')
>> n = [1:1:1000]
n =

 Columns 1 through 10:

      1      2      3      4      5      6      7      8      9     10

 Columns 11 through 20:

     11     12     13     14     15     16     17     18     19     20

 Columns 21 through 30:

     21     22     23     24     25     26     27     28     29     30

 Columns 31 through 40:

     31     32     33     34     35     36     37     38     39     40

 Columns 41 through 50:

     41     42     43     44     45     46     47     48     49     50

 Columns 51 through 60:

     51     52     53     54     55     56     57     58     59     60

 Columns 61 through 70:

     61     62     63     64     65     66     67     68     69     70

 Columns 71 through 80:

     71     72     73     74     75     76     77     78     79     80

 Columns 81 through 90:

     81     82     83     84     85     86     87     88     89     90

 Columns 91 through 100:

     91     92     93     94     95     96     97     98     99    100

 Columns 101 through 110:

    101    102    103    104    105    106    107    108    109    110

 Columns 111 through 120:

    111    112    113    114    115    116    117    118    119    120

 Columns 121 through 130:

    121    122    123    124    125    126    127    128    129    130

 Columns 131 through 140:

    131    132    133    134    135    136    137    138    139    140

 Columns 141 through 150:

    141    142    143    144    145    146    147    148    149    150

 Columns 151 through 160:

    151    152    153    154    155    156    157    158    159    160

 Columns 161 through 170:

    161    162    163    164    165    166    167    168    169    170

 Columns 171 through 180:

    171    172    173    174    175    176    177    178    179    180

 Columns 181 through 190:

    181    182    183    184    185    186    187    188    189    190

 Columns 191 through 200:

    191    192    193    194    195    196    197    198    199    200

 Columns 201 through 210:

    201    202    203    204    205    206    207    208    209    210

 Columns 211 through 220:

    211    212    213    214    215    216    217    218    219    220

 Columns 221 through 230:

    221    222    223    224    225    226    227    228    229    230

 Columns 231 through 240:

    231    232    233    234    235    236    237    238    239    240

 Columns 241 through 250:

    241    242    243    244    245    246    247    248    249    250

 Columns 251 through 260:

    251    252    253    254    255    256    257    258    259    260

 Columns 261 through 270:

    261    262    263    264    265    266    267    268    269    270

 Columns 271 through 280:

    271    272    273    274    275    276    277    278    279    280

 Columns 281 through 290:

    281    282    283    284    285    286    287    288    289    290

 Columns 291 through 300:

    291    292    293    294    295    296    297    298    299    300

 Columns 301 through 310:

    301    302    303    304    305    306    307    308    309    310

 Columns 311 through 320:

    311    312    313    314    315    316    317    318    319    320

 Columns 321 through 330:

    321    322    323    324    325    326    327    328    329    330

 Columns 331 through 340:

    331    332    333    334    335    336    337    338    339    340

 Columns 341 through 350:

    341    342    343    344    345    346    347    348    349    350

 Columns 351 through 360:

    351    352    353    354    355    356    357    358    359    360

 Columns 361 through 370:

    361    362    363    364    365    366    367    368    369    370

 Columns 371 through 380:

    371    372    373    374    375    376    377    378    379    380

 Columns 381 through 390:

    381    382    383    384    385    386    387    388    389    390

 Columns 391 through 400:

    391    392    393    394    395    396    397    398    399    400

 Columns 401 through 410:

    401    402    403    404    405    406    407    408    409    410

 Columns 411 through 420:

    411    412    413    414    415    416    417    418    419    420

 Columns 421 through 430:

    421    422    423    424    425    426    427    428    429    430

 Columns 431 through 440:

    431    432    433    434    435    436    437    438    439    440

 Columns 441 through 450:

    441    442    443    444    445    446    447    448    449    450

 Columns 451 through 460:

    451    452    453    454    455    456    457    458    459    460

 Columns 461 through 470:

    461    462    463    464    465    466    467    468    469    470

 Columns 471 through 480:

    471    472    473    474    475    476    477    478    479    480

 Columns 481 through 490:

    481    482    483    484    485    486    487    488    489    490

 Columns 491 through 500:

    491    492    493    494    495    496    497    498    499    500

 Columns 501 through 510:

    501    502    503    504    505    506    507    508    509    510

 Columns 511 through 520:

    511    512    513    514    515    516    517    518    519    520

 Columns 521 through 530:

    521    522    523    524    525    526    527    528    529    530

 Columns 531 through 540:

    531    532    533    534    535    536    537    538    539    540

 Columns 541 through 550:

    541    542    543    544    545    546    547    548    549    550

 Columns 551 through 560:

    551    552    553    554    555    556    557    558    559    560

 Columns 561 through 570:

    561    562    563    564    565    566    567    568    569    570

 Columns 571 through 580:

    571    572    573    574    575    576    577    578    579    580

 Columns 581 through 590:

    581    582    583    584    585    586    587    588    589    590

 Columns 591 through 600:

    591    592    593    594    595    596    597    598    599    600

 Columns 601 through 610:

    601    602    603    604    605    606    607    608    609    610

 Columns 611 through 620:

    611    612    613    614    615    616    617    618    619    620

 Columns 621 through 630:

    621    622    623    624    625    626    627    628    629    630

 Columns 631 through 640:

    631    632    633    634    635    636    637    638    639    640

 Columns 641 through 650:

    641    642    643    644    645    646    647    648    649    650

 Columns 651 through 660:

    651    652    653    654    655    656    657    658    659    660

